9901 0 99 0 0
9761 116 122 0 1
9595 219 184 0 2
9391 314 291 0 4
9164 400 432 0 4
8895 499 599 0 7
8629 574 787 0 10
8323 670 996 0 11
8003 755 1228 0 14
7661 842 1477 0 20
7305 911 1755 0 29
6935 985 2044 0 36
6578 1058 2314 0 50
6239 1123 2577 0 61
5915 1163 2843 0 79
5566 1222 3120 0 92
5224 1282 3292 93 109
4890 1326 3543 115 126
4582 1364 3738 171 145
4262 1410 3889 274 165
3966 1457 3987 405 185
3712 1503 4019 561 205
3497 1532 4010 737 224
3277 1575 3970 931 247
3077 1601 3908 1146 268
2893 1630 3809 1383 285
2723 1660 3667 1650 300
2558 1692 3515 1922 313
2415 1714 3351 2187 333
2262 1743 3204 2444 347
2133 1766 3032 2706 363
2018 1787 2841 2978 376
1907 1802 2656 3244 391
1779 1827 2482 3509 403
1668 1848 2314 3755 415
1576 1869 2125 4006 424
1484 1885 1957 4237 437
1415 1892 1808 4438 447
1340 1908 1690 4607 455
1274 1922 1576 4770 458
1215 1935 1458 4927 465
1163 1948 1350 5067 472
1119 1958 1246 5200 477
1073 1971 1151 5327 478
1033 1986 1067 5432 482
997 1997 969 5547 490
969 2005 886 5646 494
947 2012 809 5733 499
922 2023 728 5824 503
898 2037 640 5918 507
876 2048 565 6004 507
866 2053 501 6072 508
855 2062 429 6143 511
849 2066 367 6204 514
843 2070 315 6256 516
833 2078 268 6304 517
823 2088 223 6347 519
812 2099 185 6385 519
802 2109 152 6415 522
791 2120 121 6446 522
783 2128 99 6468 522
778 2133 77 6489 523
772 2139 57 6509 523
763 2148 45 6521 523
758 2153 31 6535 523
754 2157 23 6543 523
741 2170 12 6554 523
733 2178 7 6559 523
724 2187 5 6561 523
716 2195 4 6562 523
709 2202 2 6564 523
707 2204 0 6566 523
697 2214 0 6566 523
687 2224 0 6566 523
676 2235 0 6566 523
671 2240 0 6566 523
663 2248 0 6566 523
658 2253 0 6566 523
647 2264 0 6566 523
641 2270 0 6566 523
633 2278 0 6566 523
629 2282 0 6566 523
619 2292 0 6566 523
614 2297 0 6566 523
610 2301 0 6566 523
602 2309 0 6566 523
594 2317 0 6566 523
586 2325 0 6566 523
579 2332 0 6566 523
568 2343 0 6566 523
563 2348 0 6566 523
552 2359 0 6566 523
546 2365 0 6566 523
544 2367 0 6566 523
537 2374 0 6566 523
528 2383 0 6566 523
525 2386 0 6566 523
521 2390 0 6566 523
519 2392 0 6566 523
516 2395 0 6566 523
510 2401 0 6566 523
