2.381351e+06 22254 0
4.685206164895983e+06 119778.43510401668 0
6.72107469583519e+06 475537.06065440836 0
8.107218137492744e+06 1.445444912931414e+06 0
8.932418651465654e+06 2.8793049076653635e+06 0
9.488295639734877e+06 4.439102428629602e+06 1460.0849400000004
9.905395851644738e+06 5.969870285842781e+06 21145.436081174543
1.0244630921250286e+07 7.38424203553544e+06 104173.90594682402
1.0535117418467851e+07 8.563506097910194e+06 388074.26640537987
1.0794254883897753e+07 9.310902234662203e+06 1.0924342603192485e+06
1.1034947679109372e+07 9.70389535752564e+06 2.1456957601230415e+06
1.1265590969418911e+07 9.924509109181322e+06 3.367095252916541e+06
1.1491978221974012e+07 1.0055025939560682e+07 4.6740896914290665e+06
1.173306654834412e+07 1.0134634550196923e+07 6.012035845454067e+06
1.2034723634366345e+07 1.0183149668783458e+07 7.317481235239562e+06
1.2534355095954662e+07 1.0213050629735883e+07 8.44177617902547e+06
1.344903297559442e+07 1.0235572456011465e+07 9.157162230689885e+06
1.469776354766775e+07 1.0265350194181172e+07 9.529955943423986e+06
1.6083547258953663e+07 1.0320197230350178e+07 9.738218198720677e+06
1.7499261278387964e+07 1.0424811385087024e+07 9.861688449419186e+06
1.8864954962391347e+07 1.061668703333498e+07 9.93781005565359e+06
2.0111495669547275e+07 1.0937830589807203e+07 9.985155422113858e+06
2.1195061936465874e+07 1.14066788708554e+07 1.001695002419551e+07
2.2113103497060448e+07 1.1997826503184564e+07 1.0048001438057503e+07
2.2888523687000692e+07 1.2662270144118588e+07 1.0094846933310658e+07
2.355003005181842e+07 1.3347431361978246e+07 1.0178325806384679e+07
2.412457980767011e+07 1.4000578571658192e+07 1.0327957870887274e+07
2.463508433897373e+07 1.457457095328912e+07 1.0576319018342545e+07
2.51000285729264e+07 1.5041698425088458e+07 1.0942112064241467e+07
2.553522015272634e+07 1.5401931331096558e+07 1.1418067043586012e+07
2.5957013295345917e+07 1.5671199142958283e+07 1.197886697383593e+07
2.638311602686373e+07 1.5868878695088994e+07 1.2592811953764055e+07
2.683559208350702e+07 1.6013241908195995e+07 1.3223522286995588e+07
2.7344543630543076e+07 1.6120101615533661e+07 1.3827838851138948e+07
2.794209201084101e+07 1.6202925311025387e+07 1.4361946625106294e+07
2.864521266507203e+07 1.6273364125449764e+07 1.4798175930653008e+07
2.9445218274816092e+07 1.6341342660890883e+07 1.5135533459745085e+07
3.0318986913565505e+07 1.6414956537628952e+07 1.538865524964269e+07
3.124095101654624e+07 1.6500892586965943e+07 1.5575500254310502e+07
3.218700134536741e+07 1.660480828025639e+07 1.5713175606354203e+07
3.3135977938530933e+07 1.6731072241992515e+07 1.5816804784729384e+07
3.4070546070390925e+07 1.688206619010721e+07 1.5899453083682233e+07
3.497779474173507e+07 1.7057627347766686e+07 1.5972220674016312e+07
3.5849491580992505e+07 1.7255012094461616e+07 1.6044227879671283e+07
3.6681667782390974e+07 1.746921878412481e+07 1.6122952566599637e+07
3.7473730006312154e+07 1.769359576711715e+07 1.621470920578823e+07
3.822766962177913e+07 1.7920715959164485e+07 1.6324652649411445e+07
3.894752367235869e+07 1.8143400218253866e+07 1.6456259321295664e+07
3.9638876041785836e+07 1.8355677289301697e+07 1.6610743177018179e+07
4.030819401060153e+07 1.8553389665989842e+07 1.678695267070619e+07
4.0962181089340344e+07 1.8734291923392836e+07 1.698176023779554e+07
4.160753178631066e+07 1.889778854088446e+07 1.719043336891846e+07
4.225083617568147e+07 1.9044561185558695e+07 1.740700058308739e+07
4.289827292025637e+07 1.9176193242938917e+07 1.7624867087864075e+07
4.355507725146876e+07 1.929480864225536e+07 1.783767147246643e+07
4.4224993928075224e+07 1.9402746607989077e+07 1.8040144037569474e+07
4.490999883094204e+07 1.9502307138225116e+07 1.8228641756980214e+07
4.5610405087789826e+07 1.9595581778140265e+07 1.8401226644096334e+07
4.632520812121017e+07 1.968435095239172e+07 1.855744907838981e+07
4.705248670195209e+07 1.9770031932880722e+07 1.869802986847795e+07
4.778978892117397e+07 1.9853669558435425e+07 1.8824514602527898e+07
4.853448138766068e+07 1.9935962714732908e+07 1.893892522188494e+07
4.928403002496036e+07 2.0017317608012713e+07 1.9043447950325932e+07
5.003618066115664e+07 2.0097913350499555e+07 1.914020408647344e+07
5.0789047313078195e+07 2.0177764222887855e+07 1.92311120017456e+07
5.1541150804609746e+07 2.0256771760218132e+07 1.9317805003364295e+07
5.229142749854522e+07 2.033476834136592e+07 1.9401584086764e+07
5.3039206916015774e+07 2.0411554245414235e+07 1.9483405454885036e+07
5.378415901720985e+07 2.0486927384015363e+07 1.956390350718979e+07
5.452622052935399e+07 2.056070424312842e+07 1.9643442009373825e+07
5.526551727137523e+07 2.0632732272250753e+07 1.9722176791537233e+07
5.6002297489214696e+07 2.0702895587873902e+07 1.980011362868416e+07
5.67368799609905e+07 2.0771115754688468e+07 1.9877156277987566e+07
5.746961352910763e+07 2.083734898477351e+07 1.995314701390572e+07
5.820084561308643e+07 2.090158101266065e+07 2.002790099532598e+07
5.893089967039294e+07 2.096382094212426e+07 2.010123320786565e+07
5.966006162685557e+07 2.102409523916733e+07 2.0172976733931944e+07
6.038857357392549e+07 2.1082442561785318e+07 2.0242993309224512e+07
6.111663233044743e+07 2.113890954318621e+07 2.0311178396852694e+07
6.1844391559203796e+07 2.1193547430603355e+07 2.0377462118686683e+07
6.2571966648813725e+07 2.1246409546368465e+07 2.04418067911732e+07
6.329944127226846e+07 2.1297549563283894e+07 2.0504202092990357e+07
6.402687430488604e+07 2.1347020501003657e+07 2.0564659221233882e+07
6.475430600271738e+07 2.139487425327495e+07 2.0623205287286606e+07
6.548176298667587e+07 2.1441161440091934e+07 2.0679878587142184e+07
6.6209262156795286e+07 2.148593143401092e+07 2.0734724757858362e+07
6.6936813757823594e+07 2.15292324622442e+07 2.078779369319036e+07
6.766442367920154e+07 2.157111171634538e+07 2.083913720643863e+07
6.839209503198855e+07 2.1611615424401987e+07 2.088880744850376e+07
6.911982912074655e+07 2.1650788866499558e+07 2.093685598726452e+07
6.984762599781261e+07 2.168867633959832e+07 2.0983333358039856e+07
7.05754847698369e+07 2.172532109126119e+07 2.1028288898053017e+07
7.130340376128879e+07 2.176076524014435e+07 2.107177074370544e+07
7.203138060391401e+07 2.1795049695438076e+07 2.1113825909892034e+07
7.275941230847685e+07 2.182821408472331e+07 2.1154500384849314e+07
7.348749535754344e+07 2.186029669861314e+07 2.11938391918496e+07
7.4215625831533e+07 2.189133445814735e+07 2.12318863975953e+07
7.49437995561605e+07 2.192136290679813e+07 2.1268685075375114e+07
7.5672012251328e+07 2.1950416225068145e+07 2.130427724316865e+07
7.640025966812496e+07 2.197852726363572e+07 2.133870379259173e+07
7.712853770790672e+07 2.2005727590463784e+07 2.137200441816584e+07
